camera_matrix = 581.204 0 264.643 0 575.943 256.05 0 0 1
dist_coeffs = -0.0957103 2.07038 0.00499114 -0.0324827 -2.34954
transform_matrix = 0.997124 -0.030518 -0.069377 0.0667041 -0.0290448 -0.999333 0.0221459 -3.32898 -0.0700066 -0.0200672 -0.997345 95.5756 0 0 0 1
