camera_matrix = 605.069 0 301.301 0 604.887 241.471 0 0 1
dist_coeffs = 0.0544273 -0.0445993 0.00456077 0.00605251 1.23492
transform_matrix = 0.999575 -0.0162896 0.0241594 -3.70366 -0.0163117 -0.999867 0.000716218 2.18487 0.0241445 -0.00110999 -0.999708 106.869 0 0 0 1
