camera_matrix = 614.89 0 295.777 0 617.322 172.885 0 0 1
dist_coeffs = -0.025385 0.178138 -0.0182691 -0.00257906 -0.0191458
transform_matrix = 0.0161204 0.992489 -0.121266 -2.00184 0.999383 -0.0122099 0.0329215 -1.40276 0.0311936 -0.121721 -0.992074 90.4928 0 0 0 1
