camera_matrix = 551.085 0 307.463 0 553.54 247.816 0 0 1
dist_coeffs = -0.0998294 0.525414 0.00425952 0.00943935 -0.526381
transform_matrix = 0.0496027 0.998769 0.000103766 -0.000135392 -0.0360244 0.00189294 -0.999349 0.000969507 -0.998119 0.0495667 0.0360739 0.0247154 0 0 0 1
