camera_matrix = 412.028 0 282.855 0 411.928 245.713 0 0 1
dist_coeffs = -0.141346 0.412188 -0.00777918 0.00826894 -0.331213
transform_matrix = -0.329298 -0.944226 -6.35618e-05 -6.44384e-05 0.000372489 -0.000197221 1 1.1543e-06 -0.944226 0.329297 0.000416658 -0.000175533 0 0 0 1
