camera_matrix = 530.939 0 285.534 0 535.776 224.515 0 0 1
dist_coeffs = -0.137957 0.830688 -0.0105537 -0.00497812 -1.43475
transform_matrix = -0.0053698 0.999986 -9.102e-06 2.21311e-05 0.00407454 1.27777e-05 -0.999992 -3.18082e-05 -0.999977 -0.00536979 -0.00407455 0.00744835 0 0 0 1
