camera_matrix = 2600.2110680439114 0.0 -55.44223977576467 0.0 2572.0577495247594 -40.65391464435306 0.0 0.0 1.0
dist_coeffs = 0.9372387072860133 -3.660798552098726 -0.03362455422192502 -0.1300039418063635 7.4022751793077175
transform_matrix = 0.9573279361175532 -0.01518649828693733 -0.28860456163873727 5.846524131100268 -0.264400810117138 -0.4492146997392389 -0.8534039870703595 185.23888472134715 -0.11668519331221056 0.8932947575173418 -0.43406110382494045 58.47606854885385 0.0 0.0 0.0 1.0
offsets = -714.0453203110509 -386.28095293292404
