camera_matrix = 6336.850880031258 0.0 -22.30831249063257 0.0 7632.038739042293 -24.178367442749895 0.0 0.0 1.0
dist_coeffs = -3.9157780831050815 140.6779598405158 -0.24020748067155417 -0.061095809005299456 -1866.5838164106156
