camera_matrix = 9567.70907203402 0.0 -26.48963578233732 0.0 8299.649328440151 -14.92885973112113 0.0 0.0 1.0
dist_coeffs = -11.147080484711799 55.721624802522285 0.3831910733814399 1.0532553750196274 -8118.98063688585
transform_matrix = 0.8911615860219826 -0.3505236910369943 0.28803501457389946 -144.19871341750326 0.024842981822432116 -0.5962226551839896 -0.8024346526038888 378.8617899337604 0.45300535742191284 0.7222545863247636 -0.522622673331238 220.80066188430104 0.0 0.0 0.0 1.0
offsets = 74.443 -198.978
