camera_matrix = 5495.246182891105 0.0 -24.726766296344934 0.0 4582.117620929993 -9.209173508283383 0.0 0.0 1.0
dist_coeffs = 1.9921210945338368 -23.436483716036538 -0.15513566608671214 0.40168246993337664 -579.4479330099973
transform_matrix = 0.9876150206805019 -0.13838250010327946 0.07393818087711826 -112.88360415408978 -0.02041591344169227 -0.580594266241596 -0.8139370298037337 653.8132939399869 0.15556272498446705 0.8023469210214172 -0.5762288234051283 377.69608779759096 0.0 0.0 0.0 1.0
