camera_matrix = 4239.06333369526 0.0 3.4346470484970446 0.0 4488.087287998076 46.8240887333825 0.0 0.0 1.0
dist_coeffs = 0.4052462080605047 10.282942856172907 -0.0774288755974176 -0.02931133335842629 -103.90339309481334
transform_matrix = 0.991426470439191 -0.07324070377481043 -0.10820976399132792 -9.526121683467602 -0.1290144282880954 -0.417444557604913 -0.8994972588171317 374.6436641717245 0.0207082352213876 0.9057460133153271 -0.42331469187521326 128.92593936435432 0.0 0.0 0.0 1.0
