camera_matrix = 12023.790498476796 0.0 -68.72071153386062 0.0 9230.987371590396 0.9280185999419048 0.0 0.0 1.0
dist_coeffs = 11.59198904806855 -843.9701293060392 0.10984228098209245 0.5246755357132344 -6189.973614373476
transform_matrix = 0.8818335429487058 -0.35032848032549485 0.3156573433382517 -119.60648204198452 0.0324103493296487 -0.6227787817880097 -0.7817263960050043 288.66651593618656 0.47044571608939506 0.6995831221716773 -0.5378329511899251 176.30467164326492 0.0 0.0 0.0 1.0
offsets = 26.72 -73.092
