camera_matrix = 4599.366901509359 0.0 3.4757182973809653 0.0 6188.988653659264 -15.886577007366704 0.0 0.0 1.0
dist_coeffs = 0.2256214772010491 -8.053557973698 -0.03740026468078871 -0.01912407604498739 130.75971535198772
transform_matrix = 0.9848604244771612 -0.17332126981843812 0.0031115473949878793 -3.7686166257208247 -0.07278116908898907 -0.42972082994105687 -0.9000238384291883 102.94019302908929 0.1573303712723868 0.8861713974978507 -0.43582956362780106 39.1382241453727 0.0 0.0 0.0 1.0
offsets = -8.163 -10.344
