camera_matrix = 10664.913189224279 0.0 4.972041936136237 0.0 548.2794426146767 42.92531635699487 0.0 0.0 1.0
dist_coeffs = -0.03701673577090886 -0.05231798723791173 -0.024214708972833253 -0.0015828536316800674 0.040755458707276905
transform_matrix = 0.11143533525634611 -0.9858065819971809 -0.12556890119508413 89.22568172351785 0.04929798741001517 -0.12071665711431573 0.9914621511346092 -66.82634679970604 -0.9925481723793698 -0.11667421131586816 0.03514617931144784 10.79624250624602 0.0 0.0 0.0 1.0
