camera_matrix = 9880.860221218096 0.0 12.300711294876907 0.0 721.2918261602374 51.53193059160401 0.0 0.0 1.0
dist_coeffs = 0.013404652013873 0.24706197785283374 -0.05042767368172601 -0.003649233410816969 1.2917843955543653
transform_matrix = 0.12531525527471254 0.7974764802779626 0.5901926382113776 -1.9778617567007177 -0.15435313845052798 0.6033099813248315 -0.7824271052847692 0.961544229244707 -0.9800363235339318 0.006951966434292293 0.19869694189088735 -0.404345850216067 0.0 0.0 0.0 1.0
