camera_matrix = 1749.121244897284 0.0 -0.9021661938903535 0.0 2233.339381823016 -2.791691365612444 0.0 0.0 1.0
dist_coeffs = -0.03332099418753448 5.219772483010997 -0.030922895994177194 0.004327048543346903 196.68569299844722
transform_matrix = 0.7699247160262327 -0.503909225274792 -0.39152448752904756 86.8873240770218 0.3600612267833526 -0.16350363343389346 0.9184892350056051 -292.2035886056122 -0.5268508751242533 -0.8481403507302748 0.05555268529904272 68.86392329168152 0.0 0.0 0.0 1.0
