camera_matrix = 8880.715716401673 0.0 -436.08571181343007 0.0 6268.089468087523 -306.60064645440485 0.0 0.0 1.0
dist_coeffs = 12.384490376612256 -647.3880309482354 -0.05435360955676476 0.758099539732649 9222.163558511187
