camera_matrix = 4306.538021141772 0.0 -1.5541809182766455 0.0 4232.642369192671 -4.580504150291209 0.0 0.0 1.0
dist_coeffs = 0.2998928144752978 2.1645132684336743 0.05754874731529556 -0.00013843168949039902 -113.15946526939292
transform_matrix = 0.9574750227204644 -0.26550751567483616 0.11290411855473925 -24.234222084644998 -0.05594663898385956 -0.554758093297587 -0.8301285632401983 137.20332953882672 0.28303984605149796 0.7885107589887423 -0.5460212711114301 68.78952801343918 0.0 0.0 0.0 1.0
offsets = -5.773 -19.82
