camera_matrix = 252260.92924953531 0.0 72.09003579577966 0.0 14171.492256874068 45.887698673601975 0.0 0.0 1.0
dist_coeffs = -59.19831663668602 31756.19928377481 -0.7338911506594865 -0.43408387494981887 43.28422351943788
transform_matrix = 0.09602574443273189 -0.41320934157983574 -0.9055589966629993 1178.8949851304385 -0.02260123063536002 -0.9104337290537228 0.413037055692464 -505.9315530610522 -0.9951222240407993 -0.019195443013667008 -0.09676411621878346 127.18301740148817 0.0 0.0 0.0 1.0
